9.532762658567324188e-01
9.575860968210225810e-02
5.815843107090985509e-01
1.144278439483858989e-02
2.321932472370935585e-01
9.811113273787719358e-01
5.120775576683658686e-01
8.906830815283910407e-01
2.587284384898312917e-01
6.040215089210302368e-01
6.601559419353396629e-01
6.508231325313553750e-01
5.173140395621960153e-01
6.582899977094114341e-01
9.597112072481150946e-01
4.920678590335006655e-01
7.218808506389832180e-01
8.785043467695304864e-01
8.753393452894393523e-01
1.528817705406082528e-02
